  0.000362149       2750.8208
     0.153114       5.5999484
     0.305866       2.3990045
     0.458618       1.3746047
     0.611370      0.88538301
     0.764122      0.60734594
     0.916874      0.43543437
      1.06963      0.32121706
      1.22238      0.24015525
      1.37513      0.18266921
      1.52788      0.14177333
      1.68063      0.11039505
      1.83339     0.086478367
      1.98614     0.069219135
      2.13889     0.055088419
      2.29164     0.043637309
      2.44439     0.035703361
      2.59715     0.028883075
      2.74990     0.022861456
      2.90265     0.018810926
      3.05540     0.015618343
      3.20815     0.012641857
      3.36091     0.010290422
      3.51366    0.0084012887
      3.66641    0.0069283629
      3.81916    0.0057209209
      3.97191    0.0047499267
      4.12467    0.0039697923
      4.27742    0.0031736456
      4.43017    0.0026730339
      4.58292    0.0022605746
      4.73567    0.0018198340
      4.88843    0.0015510406
      5.04118    0.0012517782
      5.19393    0.0010745781
      5.34668   0.00087172468
      5.49943   0.00075405434
      5.65218   0.00061241409
      5.80494   0.00053363346
      5.95769   0.00043551743
      6.11044   0.00035520660
      6.26319   0.00031235427
      6.41594   0.00025534868
      6.56870   0.00020941618
      6.72145   0.00018589353
      6.87420   0.00015247028
      7.02695   0.00012511402
      7.17970   0.00010307565
      7.33246   9.2496412e-05
      7.48521   7.6146018e-05
      7.63796   6.2728890e-05
      7.79071   5.1838069e-05
      7.94346   4.2779993e-05
      8.09622   3.8860715e-05
      8.24897   3.2111653e-05
      8.40172   2.6613905e-05
      8.55447   2.2025617e-05
      8.70722   1.8238266e-05
      8.85998   1.6788852e-05
      9.01273   1.3948898e-05
      9.16548   1.1572313e-05
      9.31823   9.6052136e-06
      9.47098   7.9765105e-06
      9.62374   6.6408547e-06
      9.77649   5.5211203e-06
      9.92924   5.1658808e-06
      10.0820   4.2980905e-06
      10.2347   3.5857095e-06
      10.3875   2.9866858e-06
      10.5402   2.4886592e-06
      10.6930   2.0744103e-06
      10.8458   1.7333174e-06
      10.9985   1.4461680e-06
      11.1513   1.2069750e-06
      11.3040   1.1515813e-06
      11.4568   9.6197300e-07
      11.6095   8.0523478e-07
      11.7623   6.7303085e-07
      11.9150   5.6265878e-07
      12.0678   4.7149240e-07
      12.2205   3.9449935e-07
      12.3733   3.3016155e-07
      12.5260   2.7637961e-07
      12.6788   2.3187083e-07
      12.8315   1.9424445e-07
      12.9843   1.8988304e-07
      13.1370   1.5914061e-07
      13.2898   1.3339948e-07
      13.4425   1.1208964e-07
      13.5953   9.4022248e-08
      13.7480   7.8883666e-08
      13.9008   6.6186381e-08
      14.0535   5.5671673e-08
      14.2063   4.6745587e-08
      14.3590   3.9256122e-08
      14.5118   3.2970387e-08
      14.6645   2.7755686e-08
      14.8173   2.3326336e-08
      14.9701   1.9606992e-08
      15.1228   1.6483151e-08
      15.2756   1.6629992e-08
      15.4283   1.4015798e-08
      15.5811   1.1790688e-08
      15.7338   9.9197246e-09
      15.8866   8.3471976e-09
      16.0393   7.0399491e-09
      16.1921   5.9268550e-09
      16.3448   4.9902971e-09
      16.4976   4.2021764e-09
      16.6503   3.5463388e-09
      16.8031   2.9877623e-09
      16.9558   2.5174007e-09
      17.1086   2.1212885e-09
      17.2613   1.7912876e-09
      17.4141   1.5101143e-09
      17.5668   1.2731998e-09
      17.7196   1.0735735e-09
      17.8723   9.0705932e-10
      18.0251   7.6516055e-10
      18.1778   6.4550382e-10
      18.3306   5.4462257e-10
      18.4833   4.6038423e-10
      18.6361   3.8858672e-10
      18.7889   4.1001069e-10
      18.9416   3.4612427e-10
      19.0944   2.9220462e-10
      19.2471   2.4670591e-10
      19.3999   2.0878625e-10
      19.5526   1.7634237e-10
      19.7054   1.4894778e-10
      19.8581   1.2582239e-10
      20.0109   1.0652808e-10
      20.1636   9.0019027e-11
      20.3164   7.6074279e-11
      20.4691   6.4292488e-11
      20.6219   5.4454653e-11
      20.7746   4.6037753e-11
      20.9274   3.8923028e-11
      21.0801   3.2908804e-11
      21.2329   2.7884714e-11
      21.3856   2.3584912e-11
      21.5384   1.9949415e-11
      21.6911   1.6874892e-11
      21.8439   1.4302600e-11
      21.9966   1.2102371e-11
      22.1494   1.0240813e-11
      22.3021   8.6659360e-12
      22.4549   7.3358906e-12
      22.6076   6.2196429e-12
      22.7604   5.2652101e-12
      22.9132   4.4572982e-12
      23.0659   3.7736385e-12
      23.2187   3.2011260e-12
      23.3714   2.7108790e-12
      23.5242   2.2957690e-12
      23.6769   1.9442896e-12
      23.8297   1.6498115e-12
      23.9824   1.8595206e-12
      24.1352   1.5786985e-12
      24.2879   1.3374348e-12
      24.4407   1.1330307e-12
      24.5934   9.5970931e-13
      24.7462   8.1526116e-13
      24.8989   6.9090675e-13
      25.0517   5.8552165e-13
      25.2044   4.9621884e-13
      25.3572   4.2151764e-13
      25.5099   3.5733740e-13
      25.6627   3.0292931e-13
      25.8154   2.5678930e-13
      25.9682   2.1819200e-13
      26.1209   1.8502253e-13
      26.2737   1.5690021e-13
      26.4264   1.3305248e-13
      26.5792   1.1306771e-13
      26.7320   9.5907704e-14
      26.8847   8.1354519e-14
      27.0375   6.9007178e-14
      27.1902   5.8540067e-14
      27.3430   4.9766459e-14
      27.4957   4.2225314e-14
      27.6485   3.5827898e-14
      27.8012   3.0399653e-14
      27.9540   2.5849033e-14
      28.1067   2.1938324e-14
      28.2595   1.8618860e-14
      28.4122   1.5802181e-14
      28.5650   1.3438900e-14
      28.7177   1.1408468e-14
      28.8705   9.6850620e-15
      29.0232   8.2218109e-15
      29.1760   6.9932387e-15
      29.3287   5.9381363e-15
      29.4815   5.0422097e-15
      29.6342   4.2813640e-15
      29.7870   3.6345112e-15
      29.9397   3.0934893e-15
      30.0925   2.6273569e-15
      30.2452   2.2314435e-15
      30.3980   1.8949919e-15
      30.5507   1.6128770e-15
      30.7035   1.3701678e-15
      30.8563   1.1639857e-15
      31.0090   9.8881504e-16
      31.1618   8.4158504e-16
      31.3145   7.1509756e-16
      31.4673   6.0762062e-16
      31.6200   5.1628829e-16
      31.7728   4.3946626e-16
      31.9255   3.7349441e-16
      32.0783   3.1742284e-16
      32.2310   2.6976911e-16
      32.3838   2.2919600e-16
      32.5365   1.9521623e-16
      32.6893   1.6594417e-16
      32.8420   1.4105847e-16
      32.9948   1.1990363e-16
      33.1475   1.0210682e-16
      33.3003   8.6812142e-17
      33.4530   7.3806904e-17
      33.6058   9.4125173e-17
      33.7585   8.0021280e-17
      33.9113   6.8025011e-17
      34.0640   5.7834132e-17
      34.2168   4.9291666e-17
      34.3695   4.1913338e-17
      34.5223   3.5639308e-17
      34.6751   3.0301684e-17
      34.8278   2.5829964e-17
      34.9806   2.1967963e-17
      35.1333   1.8682233e-17
      35.2861   1.5886268e-17
      35.4388   1.3543619e-17
      35.5916   1.1520537e-17
      35.7443   9.7994822e-18
      35.8971   8.3350962e-18
      36.0498   7.0903697e-18
      36.2026   6.0452431e-18
      36.3553   5.1428734e-18
      36.5081   4.3750534e-18
      36.6608   3.7217337e-18
      36.8136   3.1738724e-18
      36.9663   2.7005977e-18
      37.1191   2.2978004e-18
      37.2718   1.9551272e-18
      37.4246   1.6672757e-18
      37.5773   1.4189135e-18
      37.7301   1.2075010e-18
      37.8828   1.0275095e-18
      38.0356   8.7466150e-19
      38.1883   7.4587341e-19
      38.3411   6.3484303e-19
      38.4939   5.4031458e-19
      38.6466   4.5986620e-19
      38.7994   3.9227986e-19
      38.9521   3.3393049e-19
      39.1049   2.8425294e-19
      39.2576   2.4193565e-19
      39.4104   2.0641079e-19
      39.5631   1.7573546e-19
      39.7159   1.4961235e-19
      39.8686   1.2737297e-19
      40.0214   1.0842022e-19
      40.1741   9.2527926e-20
      40.3269   7.8786530e-20
      40.4796   6.7080541e-20
      40.6324   5.7114786e-20
      40.7851   4.8738325e-20
      40.9379   4.1506511e-20
      41.0906   3.5345631e-20
      41.2434   3.0095422e-20
      41.3961   2.5684162e-20
      41.5489   2.1875861e-20
      41.7016   1.8631363e-20
      41.8544   1.5867455e-20
      42.0071   1.3540899e-20
      42.1599   1.1534511e-20
      42.3126   9.8251358e-21
      42.4654   8.3688787e-21
      42.6182   7.1284947e-21
      42.7709   6.0843492e-21
      42.9237   5.1834191e-21
      43.0764   4.4155491e-21
      43.2292   3.7615788e-21
      43.3819   3.2107339e-21
      43.5347   2.7356333e-21
      43.6874   2.3307581e-21
      43.8402   1.9856020e-21
      43.9929   1.6940659e-21
      44.1457   1.4443116e-21
      44.2984   1.2306862e-21
      44.4512   1.0486042e-21
      44.6039   8.9352379e-22
      44.7567   7.6284071e-22
      44.9094   6.5008954e-22
      45.0622   5.5399654e-22
      45.2149   4.7207875e-22
      45.3677   4.0305067e-22
      45.5204   3.4352292e-22
      45.6732   2.9277468e-22
      45.8259   2.4951231e-22
      45.9787   2.1269813e-22
      46.1314   1.8158628e-22
      46.2842   1.5477980e-22
      46.4370   1.3192526e-22
      46.5897   1.1244311e-22
      46.7425   9.6019291e-23
      46.8952   8.1852883e-23
      47.0480   6.9775037e-23
      47.2007   5.9476900e-23
      47.3535   5.0790314e-23
      47.5062   4.3301859e-23
      47.6590   3.6916216e-23
      47.8117   3.1469731e-23
      47.9645   2.6822271e-23
      48.1172   2.2914675e-23
      48.2700   1.9537453e-23
      48.4227   1.6657145e-23
      48.5755   1.4200000e-23
      48.7282   1.2129787e-23
      48.8810   1.0343166e-23
      49.0337   8.8194996e-24
      49.1865   7.5199381e-24
      49.3392   6.4229244e-24
      49.4920   5.4774198e-24
      49.6447   4.6709665e-24
      49.7975   3.9830139e-24
      49.9502   3.3966323e-24
      50.1030   2.9015050e-24
      50.2557   2.4745517e-24
      50.4085   2.1103500e-24
      50.5613   1.7996931e-24
      50.7140   1.5374214e-24
      50.8668   1.3113222e-24
      51.0195   1.1184295e-24
      51.1723   9.5388075e-25
      51.3250   8.1487216e-25
      51.4778   6.9509044e-25
      51.6305   5.9290505e-25
      51.7833   5.0570722e-25
      51.9360   4.3135279e-25
      52.0888   3.6855088e-25
      52.2415   3.1439645e-25
      52.3943   2.6818510e-25
      52.5470   2.2874898e-25
      52.6998   1.9546344e-25
      52.8525   1.6675752e-25
      53.0053   1.4226281e-25
      53.1580   1.2136206e-25
      53.3108   1.0339758e-25
      53.4635   8.8471237e-26
      53.6163   7.5482569e-26
      53.7690   6.4398993e-26
      53.9218   5.4941413e-26
      54.0745   4.6949494e-26
      54.2273   4.0060323e-26
      54.3801   3.4180280e-26
      54.5328   2.9162625e-26
      54.6856   2.4921158e-26
      54.8383   2.1266040e-26
      54.9911   1.8146415e-26
      55.1438   1.5483937e-26
      55.2966   1.3212449e-26
      55.4493   1.1291764e-26
      55.6021   9.6361393e-27
      55.7548   8.2229674e-27
      55.9076   7.0168715e-27
      56.0603   1.1974165e-26
      56.2131   1.0216488e-26
      56.3658   8.7161180e-27
      56.5186   7.4356064e-27
      56.6713   6.3616875e-27
      56.8241   5.4283711e-27
      56.9768   4.6316635e-27
      57.1296   3.9515711e-27
      57.2823   3.3714001e-27
      57.4351   2.8848258e-27
      57.5878   2.4616062e-27
      57.7406   2.1004109e-27
      57.8933   1.7919434e-27
      58.0461   1.5334634e-27
      58.1988   1.3086427e-27
      58.3516   1.1167101e-27
      58.5044   9.5288205e-28
      58.6571   8.1328555e-28
      58.8099   6.9584383e-28
      58.9626   5.9384654e-28
      59.1154   5.0672695e-28
      59.2681   4.3225827e-28
      59.4209   3.7006708e-28
      59.5736   3.1584837e-28
      59.7264   2.6954791e-28
      59.8791   2.3001709e-28
      60.0319   1.9684735e-28
      60.1846   1.6802293e-28
      60.3374   1.4340909e-28
      60.4901   1.2239370e-28
      60.6429   1.0440257e-28
      60.7956   8.9401487e-29
      60.9484   7.6309034e-29
      61.1011   6.5134325e-29
      61.2539   5.5576861e-29
      61.4066   4.7576834e-29
      61.5594   4.0614772e-29
      61.7121   3.4667494e-29
      61.8649   2.9591402e-29
      62.0176   2.5243549e-29
      62.1704   2.1619594e-29
      62.3232   1.8456354e-29
      62.4759   1.5754725e-29
      62.6287   1.3443746e-29
      62.7814   1.1510625e-29
      62.9342   9.8269748e-30
      63.0869   8.3893869e-30
      63.2397   7.1614968e-30
      63.3924   6.1294214e-30
      63.5452   5.2334366e-30
      63.6979   4.4681067e-30
      63.8507   3.8143325e-30
      64.0034   3.2552737e-30
      64.1562   2.7874409e-30
      64.3089   2.3800430e-30
      64.4617   2.0320222e-30
      64.6144   1.7347895e-30
      64.7672   1.4849149e-30
      64.9200   1.2679866e-30
      65.0727   1.0826247e-30
      65.2255   9.2425754e-31
      65.3782   7.8886091e-31
      65.5310   6.7564006e-31
      65.6837   5.7693808e-31
      65.8365   4.9261794e-31
      65.9893   4.2059174e-31
      66.1420   3.6006784e-31
      66.2948   3.0748410e-31
      66.4475   2.6256622e-31
      66.6003   2.2416962e-31
      66.7530   1.9191730e-31
      66.9058   1.6390659e-31
      67.0585   1.3997040e-31
      67.2113   1.1952249e-31
      67.3641   1.0206130e-31
      67.5168   8.7382688e-32
      67.6696   7.4631437e-32
      67.8223   6.3735362e-32
      67.9751   5.4419435e-32
      68.1278   4.6594451e-32
      68.2806   3.9797075e-32
      68.4333   3.3989396e-32
      68.5861   2.9023931e-32
      68.7389   2.4796163e-32
      68.8916   2.1224968e-32
      69.0444   1.8128879e-32
      69.1971   1.5483397e-32
      69.3499   1.3221218e-32
      69.5026   1.1321251e-32
      69.6554   9.6706862e-33
      69.8081   8.2601305e-33
      69.9609   7.0539432e-33
      70.1137   6.0397047e-33
      70.2664   5.1594548e-33
      70.4192   4.4071480e-33
      70.5719   3.7643921e-33
      70.7247   3.2143570e-33
      70.8774   2.7530283e-33
      71.0302   2.3517965e-33
      71.1829   2.0089334e-33
      71.3357   1.7156935e-33
      71.4885   1.4691793e-33
      71.6412   1.2551251e-33
      71.7940   1.0721948e-33
      71.9467   9.1592150e-34
      72.0995   7.8179264e-34
      72.2522   6.6995574e-34
      72.4050   5.7234453e-34
      72.5577   4.8895514e-34
      72.7105   4.1759143e-34
      72.8633   3.5764443e-34
      73.0160   3.0556686e-34
      73.1688   2.6105213e-34
      73.3215   2.2301667e-34
      73.4743   1.9094540e-34
      73.6270   1.6315044e-34
      73.7798   1.3939462e-34
      73.9325   1.1909262e-34
      74.0853   1.0171162e-34
      74.2381   8.7123222e-35
      74.3908   7.4443368e-35
      74.5436   6.3604163e-35
      74.6963   5.4340177e-35
      74.8491   4.6530193e-35
      75.0018   3.9760201e-35
      75.1546   3.3973388e-35
      75.3074   2.9027059e-35
      75.4601   2.4793053e-35
      75.6129   2.1238474e-35
      75.7656   1.8148482e-35
      75.9184   1.5507173e-35
      76.0711   1.3249595e-35
      76.2239   1.1346103e-35
      76.3766   9.6959687e-36
      76.5294   8.2853741e-36
      76.6822   7.0795080e-36
      76.8349   6.0506979e-36
      76.9877   5.1807094e-36
      77.1404   4.4272286e-36
      77.2932   3.7831798e-36
      77.4459   3.2326511e-36
      77.5987   2.7683778e-36
      77.7514   2.3659342e-36
      77.9042   2.0218578e-36
      78.0570   1.7277152e-36
      78.2097   1.4794973e-36
      78.3625   1.2644709e-36
      78.5152   1.0806222e-36
      78.6680   9.2347605e-37
      78.8207   7.8916000e-37
      78.9735   6.7584055e-37
      79.1262   5.7761487e-37
      79.2790   4.9362898e-37
      79.4318   4.2183424e-37
      79.5845   3.6124681e-37
      79.7373   3.0875148e-37
      79.8900   2.6386342e-37
      80.0428   2.2549484e-37
      80.1955   1.9268674e-37
      80.3483   1.6503514e-37
      80.5010   1.4104627e-37
      80.6538   1.2053586e-37
      80.8066   1.0300263e-37
      80.9593   8.8210281e-38
      81.1121   7.5388030e-38
      81.2648   6.4421423e-38
      81.4176   5.5050313e-38
      81.5703   4.7019774e-38
      81.7231   4.0290666e-38
      81.8758   3.4430094e-38
      82.0286   2.9413204e-38
      82.1814   2.5136099e-38
      82.3341   2.1590778e-38
      82.4869   1.8456337e-38
      82.6396   1.5776847e-38
      82.7924   1.3484782e-38
      82.9451   1.1524503e-38
      83.0979   9.8497241e-39
      83.2506   8.4166806e-39
      83.4034   7.1906440e-39
      83.5562   6.1429534e-39
      83.7089   5.2471733e-39
      83.8617   4.4811171e-39
      84.0144   3.8201456e-39
      84.1672   3.2618669e-39
      84.3199   2.7827307e-39
      84.4727   2.3728635e-39
      84.6255   2.0236852e-39
      84.7782   1.7235495e-39
      84.9310   1.4673865e-39
      85.0837   1.2482571e-39
      85.2365   1.0617162e-39
      85.3892   9.0116243e-40
      85.5420   7.6503329e-40
      85.6947   6.4827010e-40
      85.8475   5.4700947e-40
      86.0003   4.5719044e-40
      86.1530   3.8607875e-40
      86.3058   3.2297828e-40
      86.4585   2.6900446e-40
      86.6113   2.2706500e-40
      86.7640   1.8423291e-40
      86.9168   1.4558510e-40
      87.0695   1.2470575e-40
      87.2223   1.0390068e-40
      87.3751   8.3168465e-41
      87.5278   6.2507721e-41
      87.6806   4.1919844e-41
      87.8333   2.1403433e-41
      87.9861   9.5848815e-43
      88.1388       0.0000000
      88.2916       0.0000000
      88.4443       0.0000000
      88.5971       0.0000000
      88.7499       0.0000000
      88.9026       0.0000000
      89.0554       0.0000000
      89.2081       0.0000000
      89.3609       0.0000000
      89.5136       0.0000000
      89.6664       0.0000000
      89.8191       0.0000000
      89.9719       0.0000000
      90.1247       0.0000000
      90.2774       0.0000000
      90.4302       0.0000000
      90.5829       0.0000000
      90.7357       0.0000000
      90.8884       0.0000000
      91.0412       0.0000000
      91.1939       0.0000000
      91.3467       0.0000000
      91.4995       0.0000000
      91.6522       0.0000000
      91.8050       0.0000000
      91.9577       0.0000000
      92.1105       0.0000000
      92.2632       0.0000000
      92.4160       0.0000000
      92.5687       0.0000000
      92.7215       0.0000000
      92.8743       0.0000000
      93.0270       0.0000000
      93.1798       0.0000000
      93.3325       0.0000000
      93.4853       0.0000000
      93.6380       0.0000000
      93.7908       0.0000000
      93.9436       0.0000000
      94.0963       0.0000000
      94.2491       0.0000000
      94.4018       0.0000000
      94.5546       0.0000000
      94.7073       0.0000000
      94.8601       0.0000000
      95.0128       0.0000000
      95.1656       0.0000000
      95.3184       0.0000000
      95.4711       0.0000000
      95.6239       0.0000000
      95.7766       0.0000000
      95.9294       0.0000000
      96.0821       0.0000000
      96.2349       0.0000000
      96.3876       0.0000000
      96.5404       0.0000000
      96.6932       0.0000000
      96.8459       0.0000000
      96.9987       0.0000000
      97.1514       0.0000000
      97.3042       0.0000000
      97.4569       0.0000000
      97.6097       0.0000000
      97.7624       0.0000000
      97.9152       0.0000000
      98.0680       0.0000000
      98.2207       0.0000000
      98.3735       0.0000000
      98.5262       0.0000000
      98.6790       0.0000000
      98.8317       0.0000000
      98.9845       0.0000000
      99.1372       0.0000000
      99.2900       0.0000000
      99.4428       0.0000000
      99.5955       0.0000000
      99.7483       0.0000000
      99.9010       0.0000000
      100.054       0.0000000
      100.207       0.0000000
      100.359       0.0000000
      100.512       0.0000000
      100.665       0.0000000
      100.818       0.0000000
      100.970       0.0000000
      101.123       0.0000000
      101.276       0.0000000
      101.429       0.0000000
      101.581       0.0000000
      101.734       0.0000000
      101.887       0.0000000
      102.040       0.0000000
      102.192       0.0000000
      102.345       0.0000000
      102.498       0.0000000
      102.651       0.0000000
      102.803       0.0000000
      102.956       0.0000000
      103.109       0.0000000
      103.262       0.0000000
      103.414       0.0000000
      103.567       0.0000000
      103.720       0.0000000
      103.873       0.0000000
      104.025       0.0000000
      104.178       0.0000000
      104.331       0.0000000
      104.484       0.0000000
      104.636       0.0000000
      104.789       0.0000000
      104.942       0.0000000
      105.095       0.0000000
      105.247       0.0000000
      105.400       0.0000000
      105.553       0.0000000
      105.706       0.0000000
      105.858       0.0000000
      106.011       0.0000000
      106.164       0.0000000
      106.317       0.0000000
      106.470       0.0000000
      106.622       0.0000000
      106.775       0.0000000
      106.928       0.0000000
      107.081       0.0000000
      107.233       0.0000000
      107.386       0.0000000
      107.539       0.0000000
      107.692       0.0000000
      107.844       0.0000000
      107.997       0.0000000
      108.150       0.0000000
      108.303       0.0000000
      108.455       0.0000000
      108.608       0.0000000
      108.761       0.0000000
      108.914       0.0000000
      109.066       0.0000000
      109.219       0.0000000
      109.372       0.0000000
      109.525       0.0000000
      109.677       0.0000000
      109.830       0.0000000
      109.983       0.0000000
      110.136       0.0000000
      110.288       0.0000000
      110.441       0.0000000
      110.594       0.0000000
      110.747       0.0000000
      110.899       0.0000000
      111.052       0.0000000
      111.205       0.0000000
      111.358       0.0000000
      111.510       0.0000000
      111.663       0.0000000
      111.816       0.0000000
      111.969       0.0000000
      112.121       0.0000000
      112.274       0.0000000
      112.427       0.0000000
      112.580       0.0000000
      112.733       0.0000000
      112.885       0.0000000
      113.038       0.0000000
      113.191       0.0000000
      113.344       0.0000000
      113.496       0.0000000
      113.649       0.0000000
      113.802       0.0000000
      113.955       0.0000000
      114.107       0.0000000
      114.260       0.0000000
      114.413       0.0000000
      114.566       0.0000000
      114.718       0.0000000
      114.871       0.0000000
      115.024       0.0000000
      115.177       0.0000000
      115.329       0.0000000
      115.482       0.0000000
      115.635       0.0000000
      115.788       0.0000000
      115.940       0.0000000
      116.093       0.0000000
      116.246       0.0000000
      116.399       0.0000000
      116.551       0.0000000
      116.704       0.0000000
      116.857       0.0000000
      117.010       0.0000000
      117.162       0.0000000
      117.315       0.0000000
      117.468       0.0000000
      117.621       0.0000000
      117.773       0.0000000
      117.926       0.0000000
      118.079       0.0000000
      118.232       0.0000000
      118.384       0.0000000
      118.537       0.0000000
      118.690       0.0000000
      118.843       0.0000000
      118.995       0.0000000
      119.148       0.0000000
      119.301       0.0000000
      119.454       0.0000000
      119.607       0.0000000
      119.759       0.0000000
      119.912       0.0000000
      120.065       0.0000000
      120.218       0.0000000
      120.370       0.0000000
      120.523       0.0000000
      120.676       0.0000000
      120.829       0.0000000
      120.981       0.0000000
      121.134       0.0000000
      121.287       0.0000000
      121.440       0.0000000
      121.592       0.0000000
      121.745       0.0000000
      121.898       0.0000000
      122.051       0.0000000
      122.203       0.0000000
      122.356       0.0000000
      122.509       0.0000000
      122.662       0.0000000
      122.814       0.0000000
      122.967       0.0000000
      123.120       0.0000000
      123.273       0.0000000
      123.425       0.0000000
      123.578       0.0000000
      123.731       0.0000000
      123.884       0.0000000
      124.036       0.0000000
      124.189       0.0000000
      124.342       0.0000000
      124.495       0.0000000
      124.647       0.0000000
      124.800       0.0000000
      124.953       0.0000000
      125.106       0.0000000
      125.258       0.0000000
      125.411       0.0000000
      125.564       0.0000000
      125.717       0.0000000
      125.869       0.0000000
      126.022       0.0000000
      126.175       0.0000000
      126.328       0.0000000
      126.481       0.0000000
      126.633       0.0000000
      126.786       0.0000000
      126.939       0.0000000
      127.092       0.0000000
      127.244       0.0000000
      127.397       0.0000000
      127.550       0.0000000
      127.703       0.0000000
      127.855       0.0000000
      128.008       0.0000000
      128.161       0.0000000
      128.314       0.0000000
      128.466       0.0000000
      128.619       0.0000000
      128.772       0.0000000
      128.925       0.0000000
      129.077       0.0000000
      129.230       0.0000000
      129.383       0.0000000
      129.536       0.0000000
      129.688       0.0000000
      129.841       0.0000000
      129.994       0.0000000
      130.147       0.0000000
      130.299       0.0000000
      130.452       0.0000000
      130.605       0.0000000
      130.758       0.0000000
      130.910       0.0000000
      131.063       0.0000000
      131.216       0.0000000
      131.369       0.0000000
      131.521       0.0000000
      131.674       0.0000000
      131.827       0.0000000
      131.980       0.0000000
      132.132       0.0000000
      132.285       0.0000000
      132.438       0.0000000
      132.591       0.0000000
      132.743       0.0000000
      132.896       0.0000000
      133.049       0.0000000
      133.202       0.0000000
      133.355       0.0000000
      133.507       0.0000000
      133.660       0.0000000
      133.813       0.0000000
      133.966       0.0000000
      134.118       0.0000000
      134.271       0.0000000
      134.424       0.0000000
      134.577       0.0000000
      134.729       0.0000000
      134.882       0.0000000
      135.035       0.0000000
      135.188       0.0000000
      135.340       0.0000000
      135.493       0.0000000
      135.646       0.0000000
      135.799       0.0000000
      135.951       0.0000000
      136.104       0.0000000
      136.257       0.0000000
      136.410       0.0000000
      136.562       0.0000000
      136.715       0.0000000
      136.868       0.0000000
      137.021       0.0000000
      137.173       0.0000000
      137.326       0.0000000
      137.479       0.0000000
      137.632       0.0000000
      137.784       0.0000000
      137.937       0.0000000
      138.090       0.0000000
      138.243       0.0000000
      138.395       0.0000000
      138.548       0.0000000
      138.701       0.0000000
      138.854       0.0000000
      139.006       0.0000000
      139.159       0.0000000
      139.312       0.0000000
      139.465       0.0000000
      139.618       0.0000000
      139.770       0.0000000
      139.923       0.0000000
      140.076       0.0000000
      140.229       0.0000000
      140.381       0.0000000
      140.534       0.0000000
      140.687       0.0000000
      140.840       0.0000000
      140.992       0.0000000
      141.145       0.0000000
      141.298       0.0000000
      141.451       0.0000000
      141.603       0.0000000
      141.756       0.0000000
      141.909       0.0000000
      142.062       0.0000000
      142.214       0.0000000
      142.367       0.0000000
      142.520       0.0000000
      142.673       0.0000000
      142.825       0.0000000
      142.978       0.0000000
      143.131       0.0000000
      143.284       0.0000000
      143.436       0.0000000
      143.589       0.0000000
      143.742       0.0000000
      143.895       0.0000000
      144.047       0.0000000
      144.200       0.0000000
      144.353       0.0000000
      144.506       0.0000000
      144.658       0.0000000
      144.811       0.0000000
      144.964       0.0000000
      145.117       0.0000000
      145.269       0.0000000
      145.422       0.0000000
      145.575       0.0000000
      145.728       0.0000000
      145.880       0.0000000
      146.033       0.0000000
      146.186       0.0000000
      146.339       0.0000000
      146.492       0.0000000
      146.644       0.0000000
      146.797       0.0000000
      146.950       0.0000000
      147.103       0.0000000
      147.255       0.0000000
      147.408       0.0000000
      147.561       0.0000000
      147.714       0.0000000
      147.866       0.0000000
      148.019       0.0000000
      148.172       0.0000000
      148.325       0.0000000
      148.477       0.0000000
      148.630       0.0000000
      148.783       0.0000000
      148.936       0.0000000
      149.088       0.0000000
      149.241       0.0000000
      149.394       0.0000000
      149.547       0.0000000
      149.699       0.0000000
      149.852       0.0000000
      150.005       0.0000000
      150.158       0.0000000
      150.310       0.0000000
      150.463       0.0000000
      150.616       0.0000000
      150.769       0.0000000
      150.921       0.0000000
      151.074       0.0000000
      151.227       0.0000000
      151.380       0.0000000
      151.532       0.0000000
      151.685       0.0000000
      151.838       0.0000000
      151.991       0.0000000
      152.143       0.0000000
      152.296       0.0000000
      152.449       0.0000000
      152.602       0.0000000
